4
4
0.295211 16 -0.452994 0.0868264 -0.277936 -0.17625 -0.721669 -0.975217 -0.768994 0.963615 0.517472 -0.079174 0.134964 0.503428 0.723487 -0.498986 -0.72361 0.125865 
-0.517199 16 -0.559045 0.803553 -0.00215934 0.333065 0.28615 -0.533097 0.554578 0.945805 -0.523304 -0.665401 -0.979014 -0.640371 -0.862054 -0.203907 -0.37811 -0.820663 
-0.62486 16 -0.628838 0.461706 -0.98897 0.747109 0.380561 -0.192945 0.249164 -0.797302 -0.849038 -0.547519 0.572743 0.877516 0.243517 -0.965761 0.963098 -0.61728 
-0.455222 16 0.541631 0.962614 -0.355351 -0.246026 -0.483807 0.0147964 -0.187124 0.505615 0.565497 -0.117195 -0.123864 -0.684348 0.521071 0.204023 0.0776646 0.593379 
4
0.285338 4 -0.481769 0.250444 -0.586442 0.124764 
-0.978926 4 0.936343 0.0442901 0.211347 0.391695 
0.810108 4 0.179755 0.967516 0.2813 0.774979 
0.161351 4 -0.843038 0.435734 -0.629042 -0.457374 
4
0.551312 4 -0.999175 0.286279 0.0125096 -0.157063 
-0.631814 4 0.523193 -0.137405 0.806464 -0.276722 
-0.931522 4 0.67853 0.330361 -0.514745 -0.486919 
0.891096 4 -0.520469 -0.159242 -0.287693 -0.151484 
4
0.546287 4 -0.764251 0.583988 -0.908179 -0.0960694 
-0.114394 4 0.0356279 -0.519765 0.636759 -0.0108825 
0.0310564 4 -0.280893 -0.58896 0.816181 0.316265 
0.212817 4 0.339716 0.257736 -0.997023 -0.472031 
