4
4
0.60388 16 -0.977106 -0.516978 0.180138 0.899866 0.736209 -0.600883 0.944016 0.115546 0.448293 -0.112852 0.763345 0.0940049 -0.59674 0.35185 0.157848 0.174957 
0.822677 16 0.410193 0.944268 -0.00482823 0.926976 0.0380917 -0.658187 0.197504 0.351335 0.106929 0.383278 -0.610437 0.132161 0.252249 -0.93489 0.936386 -0.140267 
-0.164947 16 0.680497 -0.598395 0.359373 0.632348 -0.00432676 0.857026 0.477137 -0.19836 0.0497425 0.989201 0.165629 -0.475655 -0.870501 0.528758 0.578652 0.425229 
0.582656 16 -0.132743 -0.670216 -0.621307 0.8718 -0.673075 0.412946 0.559944 0.12493 0.744845 0.625594 -0.527039 0.71561 -0.131976 0.188515 -0.0589982 0.440345 
4
-0.02798 4 -0.910566 0.508906 0.630086 0.148124 
0.273273 4 -0.472597 0.814915 -0.33051 -0.427119 
-0.19193 4 -0.653401 0.976904 -0.898212 -0.329666 
-0.411553 4 0.091969 0.438835 -0.850345 0.422649 
4
-0.448356 4 -0.525513 0.595215 0.0828936 0.893407 
0.983796 4 0.879331 -0.887538 -0.694254 -0.701126 
-0.144964 4 0.676996 -0.643667 0.979118 0.266827 
-0.414094 4 0.603898 0.595205 -0.929282 0.0945057 
4
0.0726864 4 0.496829 -0.486021 -0.57268 0.904281 
-0.19532 4 -0.840618 0.379376 0.987268 0.616846 
0.314305 4 -0.805366 0.761165 0.0268846 -0.547414 
0.874793 4 -0.880472 -0.915208 0.0434362 -0.593837 
