4
4
0.83646 16 0.433772 -0.483682 0.784366 -0.210811 0.778917 -0.148743 0.347883 -0.240283 -0.710224 -0.917639 -0.669237 -0.353588 0.620575 0.306893 -0.430608 -0.463969 
-0.978094 16 0.210625 -0.575882 -0.545091 -0.492883 0.279215 0.496295 0.0834212 0.0811952 0.760079 0.314025 -0.683026 -0.162192 0.859566 0.0870681 -0.933891 0.875458 
-0.804645 16 0.972 0.700308 0.99453 0.170342 0.522312 -0.481975 0.348641 -0.54232 -0.568633 0.977183 0.175026 -0.451503 0.404104 0.218899 -0.866524 0.256212 
0.548475 16 -0.106436 -0.703011 0.818723 -0.443868 -0.320663 -0.415219 -0.365591 -0.877582 -0.65697 0.0703181 0.30624 0.587767 -0.464364 0.801982 -0.370136 0.482962 
4
0.412093 4 -0.718383 -0.137452 -0.462167 0.156404 
0.510918 4 -0.502554 -0.0278763 -0.834474 0.0419919 
-0.831065 4 -0.910435 0.667908 -0.39786 -0.397605 
0.48086 4 0.817936 -0.296846 -0.97053 -0.789369 
4
0.492903 4 0.758405 0.510527 0.842903 -0.425826 
0.900609 4 0.614311 0.2529 0.931787 -0.790942 
-0.466263 4 0.995873 0.941912 0.103936 -0.64066 
-0.0542403 4 0.835236 -0.266444 -0.689932 0.160594 
4
-0.371297 4 0.916987 0.763373 0.20065 0.456684 
0.318834 4 0.142758 -0.23081 0.0223746 0.275334 
-0.930672 4 -0.504268 -0.27775 0.945575 -0.22753 
-0.640111 4 -0.747455 -0.438763 -0.541886 -0.464546 
