4
4
0.745723 16 -0.474475 -0.0596203 -0.239347 0.30023 0.370637 -0.155626 0.312537 0.681253 -0.0595078 0.698952 0.225382 -0.203161 0.202888 0.331574 -0.451901 -0.199566 
0.507786 16 -0.0353676 -0.54628 -0.0985918 0.877383 -0.628395 -0.553756 0.602362 -0.849287 0.121727 0.176307 -0.0852203 0.491277 0.292054 -0.285507 0.750277 -0.990644 
0.623644 16 -0.0558227 -0.733712 -0.656655 -0.198243 -0.202711 0.535905 0.508567 0.999795 -0.402073 -0.107939 0.0163804 -0.149166 0.0761851 0.318911 0.408721 0.526825 
0.175831 16 -0.352868 -0.729287 0.31333 0.878399 0.0917101 -0.22819 -0.780375 0.264947 -0.217881 -0.855968 0.806523 0.247725 -0.311469 0.746982 0.469739 0.297209 
4
-0.700076 4 -0.258663 -0.178192 -0.874765 -0.937239 
-0.715325 4 0.129834 0.116341 0.0881019 -0.0387521 
0.888131 4 0.269758 -0.404449 -0.0120329 -0.57446 
-0.265292 4 0.689105 -0.948959 -0.948032 -0.761659 
4
0.623665 4 0.556548 0.174846 -0.837033 -0.902414 
0.027353 4 -0.979568 0.728526 -0.308663 0.934118 
-0.0376611 4 0.778884 -0.260721 0.630706 -0.0107418 
-0.71632 4 -0.278865 -0.80276 0.275937 -0.924464 
4
-0.797857 4 -0.463778 -0.515914 0.124857 0.861877 
-0.936694 4 -0.239518 0.776133 -0.955072 -0.659686 
-0.385153 4 -0.745094 -0.276269 0.75142 0.0817978 
-0.564714 4 -0.838226 0.528599 -0.965916 0.225341 
