4
4
0.512312 16 0.0941957 -0.503847 -0.997656 -0.703151 -0.507598 -0.893096 -0.296855 -0.416567 0.71458 0.838573 0.232174 -0.553253 -0.884712 -0.185824 0.920501 0.247482 
-0.930375 16 -0.664333 -0.57473 -0.62052 0.8091 0.947908 -0.198804 -0.973865 0.687233 -0.71172 0.710239 -0.72631 0.353305 0.586679 0.425275 -0.00135306 -0.507507 
0.486211 16 0.673338 -0.404252 -0.274869 0.18924 0.520225 0.800361 0.489862 -0.727613 -0.645143 -0.764762 -0.20312 0.699122 -0.965542 0.169136 0.739137 0.156181 
0.388244 16 0.829262 -0.77852 -0.878995 0.671422 0.987014 0.563811 0.889971 -0.00291933 0.457764 0.608984 0.299031 0.150722 0.281617 -0.722885 0.212362 -0.464646 
4
0.836462 4 0.0492104 0.884018 0.284714 -0.174744 
0.159551 4 -0.205948 -0.365874 0.556986 0.216964 
0.346631 4 0.925372 -0.184554 0.960106 0.898101 
0.295501 4 -0.892265 0.489592 0.708679 -0.323771 
4
-0.805088 4 0.979182 -0.61149 0.960034 0.345779 
-0.0399425 4 -0.0506788 -0.396279 -0.180377 0.484397 
0.0919989 4 0.384784 -0.0700681 0.992853 -0.143123 
0.4218 4 0.260209 -0.953842 0.48506 -0.967544 
4
0.42229 4 0.310159 0.701644 0.631821 -0.125636 
-0.499529 4 -0.142408 -0.591955 0.380756 0.314688 
0.16342 4 -0.25404 0.847391 -0.242604 -0.934274 
-0.234292 4 0.343197 -0.724138 0.0629381 0.24529 
