4
4
-0.46928 16 0.206849 -0.113524 0.283349 -0.730836 -0.589551 -0.544634 -0.103816 0.610769 0.98452 -0.196886 0.723654 -0.67754 0.357213 0.389709 -0.131652 0.170075 
0.873698 16 0.42706 -0.8648 -0.871993 -0.780234 0.99711 0.806847 0.204354 -0.581078 -0.476596 0.138154 -0.83394 -0.82316 0.582966 0.0657612 0.383393 -0.185989 
-0.178476 16 0.345687 -0.771072 0.664908 -0.954793 -0.52352 -0.771784 -0.799202 -0.131985 0.7651 0.238585 -0.805343 -0.370937 0.518094 -0.0404758 -0.740312 0.750895 
-0.708443 16 -0.712551 -0.729884 -0.193152 -0.784437 -0.890432 -0.875097 -0.818145 0.899819 0.611625 0.323753 0.446162 0.787475 -0.705515 0.422672 -0.0751864 -0.503623 
4
-0.854414 4 0.0930182 0.735306 0.366611 0.563152 
0.662761 4 0.196936 -0.563762 0.504377 0.453523 
-0.12395 4 -0.921022 -0.569941 0.222626 -0.892307 
-0.842386 4 0.236418 -0.433989 0.650178 -0.629401 
4
-0.407681 4 0.984935 -0.3819 -0.469579 -0.782085 
0.788574 4 -0.840939 -0.91833 -0.297238 0.109892 
0.277095 4 0.140955 0.894371 -0.874058 0.879755 
-0.880426 4 0.863841 0.0992453 -0.936356 0.207852 
4
0.338001 4 -0.821592 0.103046 -0.0016102 -0.571673 
0.762894 4 -0.311004 -0.968829 0.550769 0.979975 
0.127817 4 0.91744 -0.367573 0.0305929 0.515372 
0.20906 4 0.472999 0.0244227 0.240997 -0.915429 
