4
4
0.406353 16 -0.31457 -0.0171963 0.480669 0.0186965 0.0856449 -0.437187 -0.470973 -0.0646458 0.821908 0.238169 -0.480716 0.0193854 -0.63792 -0.622963 -0.613215 -0.702306 
-0.464051 16 -0.809104 -0.208518 0.531218 -0.895085 0.114124 -0.332277 -0.0542508 -0.302375 -0.172711 -0.818329 0.315529 0.113278 -0.902932 -0.211482 0.441651 0.380299 
0.650261 16 0.452342 -0.360109 -0.374356 -0.939822 -0.452805 0.113098 0.236716 0.844137 0.0051298 -0.642088 -0.452007 0.65559 0.343919 0.256144 0.425101 -0.506633 
-0.745337 16 0.26241 -0.129221 -0.0290275 -0.530823 0.265501 -0.442554 -0.479243 -0.473417 -0.920519 -0.75332 -0.473313 -0.509592 -0.95567 -0.808475 -0.479996 -0.122526 
4
-0.490108 4 -0.715456 -0.705875 0.254303 0.519207 
-0.344063 4 0.380979 0.929326 -0.522355 -0.184689 
0.0558152 4 0.58884 0.613551 0.454223 -0.175274 
-0.453391 4 0.250463 0.127017 -0.888337 0.267077 
4
-0.617201 4 -0.00833875 0.0574311 -0.448445 0.817533 
-0.829181 4 -0.337305 0.326151 0.0827493 -0.800478 
0.0251347 4 -0.304517 -0.121186 0.961717 -0.692696 
-0.322344 4 0.330933 -0.267123 -0.456147 0.256845 
4
-0.700757 4 -0.914622 0.808283 0.427249 -0.894612 
-0.356791 4 0.37885 0.237131 0.709541 0.669805 
0.721422 4 0.445385 -0.0596152 0.681302 -0.462685 
-0.351594 4 -0.463344 0.638254 -0.235851 0.620885 
