4
4
0.64445 16 -0.565187 -0.112768 -0.270275 -0.427582 0.658633 -0.136852 -0.7574 -0.949896 0.453414 -0.379441 0.732147 -0.410242 -0.73272 0.498514 0.663144 0.235456 
-0.145941 16 0.84737 0.500591 -0.152179 0.210959 0.0312752 0.435425 -0.0651538 -0.327355 0.537405 0.783022 0.39797 -0.785981 0.635518 -0.0358066 0.117161 -0.659837 
0.304608 16 0.739849 -0.0650971 -0.562907 -0.812303 0.173617 -0.200774 0.246072 0.380151 0.618463 -0.585015 0.666465 -0.293242 -0.12387 -0.184352 -0.244602 -0.156935 
-0.0682853 16 -0.0891945 -0.424004 0.762257 0.839609 0.925837 -0.601608 0.775078 0.0454028 0.459748 0.825784 0.604356 -0.194342 0.48896 -0.544624 -0.0372068 0.546192 
4
-0.922876 4 0.45415 -0.112441 -0.360735 0.604205 
-0.398096 4 0.957774 0.385653 0.678823 -0.679156 
-0.900897 4 0.350298 0.143779 -0.326824 -0.342419 
-0.00562354 4 0.886601 -0.8591 0.598692 0.321706 
4
0.0172241 4 0.885415 -0.522796 0.0299505 -0.0682106 
-0.699928 4 0.114035 0.980702 -0.732512 -0.401792 
-0.292637 4 -0.96816 0.537252 0.980063 -0.783006 
0.845172 4 -0.644053 -0.955837 0.834034 -0.64598 
4
-0.0170338 4 -0.541762 0.871035 0.373048 -0.869971 
-0.427995 4 -0.991726 -0.661831 0.512237 0.0639981 
0.176557 4 -0.622162 0.356544 -0.302938 0.748875 
-0.769376 4 -0.551736 0.276189 -0.282844 -0.177829 
