4
4
0.0180368 16 -0.222224 0.577345 -0.400571 -0.349822 0.375608 0.979325 0.98023 0.708498 -0.169628 0.184384 -0.960588 -0.725022 -0.489734 -0.801319 -0.384436 -0.0822476 
-0.58099 16 0.852487 0.337867 -0.926525 0.341845 0.0144764 0.779805 0.442937 -0.781535 0.976416 0.632819 0.745344 0.763518 -0.464454 -0.270744 -0.999865 0.832661 
0.283915 16 0.2258 0.428276 0.741567 0.982205 -0.443246 -0.138455 0.430835 -0.872862 0.88357 0.31379 0.148403 0.959781 -0.349836 0.453225 0.0654056 0.813492 
-0.3696 16 0.583699 0.198653 0.26116 -0.771087 -0.505351 0.0176497 0.100182 -0.0960329 -0.840603 -0.0886822 -0.995499 -0.145029 -0.463373 0.592713 0.896348 0.866067 
4
0.303873 4 -0.702 -0.451913 -0.37579 -0.25697 
-0.0670214 4 -0.828337 -0.391532 -0.192396 0.26553 
-0.88994 4 0.840436 -0.0614157 -0.225489 -0.885594 
-0.668261 4 0.503975 -0.25536 0.280694 -0.772032 
4
-0.505027 4 -0.297735 0.611796 -0.238355 -0.338279 
-0.578826 4 0.269638 -0.0414563 0.293057 0.28816 
-0.653899 4 0.765633 0.691933 -0.355277 -0.444759 
0.733741 4 -0.63386 0.559011 -0.723425 0.160848 
4
0.702269 4 0.569535 0.69707 -0.419565 0.570254 
0.835775 4 0.134623 -0.760639 0.0824314 -0.29132 
-0.527131 4 -0.929747 0.538551 -0.142986 0.0468031 
-0.0863829 4 -0.734456 0.912652 0.869254 -0.436609 
