4
4
-0.137927 16 0.832806 -0.0030903 -0.364292 0.0450475 0.961714 0.10907 0.978878 0.144597 -0.677361 0.57974 0.98937 -0.98886 -0.618195 0.399188 -0.362464 -0.440066 
-0.48273 16 -0.114554 -0.497307 0.0123994 -0.666825 0.367026 -0.336735 -0.416516 -0.960573 -0.818744 0.453633 -0.271271 -0.209668 0.534944 -0.696352 -0.950411 0.836038 
-0.894444 16 0.820842 0.689493 0.99271 -0.856408 0.809685 -0.00379071 0.432345 0.690466 -0.923727 0.00907991 0.589544 -0.310355 -0.653871 -0.256836 0.331274 0.809493 
-0.244885 16 0.512892 0.374268 0.735697 -0.861867 -0.014109 -0.336083 -0.833384 0.116929 -0.987731 0.917681 0.0315788 0.734878 -0.322983 0.228347 -0.687322 0.350605 
4
0.422035 4 -0.581033 0.803813 -0.365562 -0.604739 
-0.602594 4 -0.513333 -0.336568 -0.0566856 -0.172418 
-0.880484 4 -0.148722 -0.776873 0.970865 -0.259635 
0.0819278 4 -0.648992 -0.860118 -0.608983 0.961362 
4
0.926459 4 -0.604533 -0.12451 -0.634786 0.453479 
-0.235973 4 0.78989 -0.632135 -0.961351 0.605174 
0.233779 4 0.466274 -0.925331 0.776716 0.250665 
0.880343 4 0.512185 -0.154675 0.599961 -0.0846688 
4
0.90679 4 0.0189461 -0.0500496 -0.0262506 0.342237 
0.69735 4 0.0795978 0.617564 -0.694777 -0.711431 
0.0712514 4 0.242073 0.699755 -0.507786 -0.936624 
-0.288759 4 -0.895761 0.829084 0.100636 0.220713 
