4
16
2.36762 16 1.67485 6.96208 -2.07013 -1.76082 2.09586 0.812418 1.27561 2.63475 2.14703 2.99099 -1.53287 -0.458652 -3.61244 0.0713653 1.07539 -0.319028 
-0.150684 16 -4.27692 -2.67725 0.859267 2.78403 3.06128 -0.791672 3.5559 -3.34202 -1.07001 -0.363705 0.658473 -3.55988 -3.55423 0.374615 -0.558667 0.360258 
-2.54273 16 -0.555147 -0.218335 -0.803358 2.16704 -1.44256 0.479403 0.909294 -1.84985 1.30419 -0.0926329 -0.956475 -1.81354 2.9453 1.56798 -1.0412 -2.10467 
0.597415 16 -4.26252 0.450649 -0.731079 -1.06245 -2.0381 -1.79858 0.0466351 2.65193 -1.41801 -4.09973 0.0837933 -2.11619 0.882109 -1.68085 3.93986 -1.23323 
1.57932 16 1.13452 1.87536 1.37932 -1.27518 -2.81215 1.52242 -0.058914 -0.644912 2.50455 3.05943 0.922843 -0.546576 1.03584 -1.8957 1.14446 4.2318 
0.63211 16 -0.0878224 -0.698555 -0.435113 1.71335 0.0440066 1.86803 2.24794 0.998805 0.355058 3.82111 -3.09525 -0.292904 2.19876 0.652096 -0.422061 -3.11633 
-1.58235 16 -1.66296 -1.07117 0.569096 -3.35467 -3.92803 -2.81566 -0.820127 0.73024 2.3254 2.74316 -2.29606 -0.789421 1.99311 2.10238 -1.92126 0.959439 
-5.71613 16 -0.926338 -2.5217 -0.736139 -2.04133 1.28079 -1.64861 3.37855 -0.884744 -3.26307 0.628328 0.212663 2.19704 -1.6484 -1.08148 -1.02159 -0.363308 
-0.603757 16 -1.89642 -2.29784 3.20243 2.33819 0.730057 1.74423 -1.36015 -3.56866 -3.00388 -2.07793 -2.69233 0.506109 -3.46876 -0.76442 -2.02627 2.26433 
-1.69462 16 0.326505 3.01526 -1.92607 -0.160881 3.36904 0.657696 -1.6152 -3.41071 -1.37005 0.00549239 -0.784624 1.21905 5.85585 1.36107 0.178939 0.874298 
1.74845 16 -2.19317 -2.31853 1.68167 -1.36073 -1.85952 -3.60935 0.129818 0.634277 -0.635199 0.970807 -0.461771 -2.01404 -0.292399 -1.74918 -0.786748 0.739307 
-2.58966 16 -1.50776 -1.32331 1.16671 -1.79936 -1.74394 -0.424512 0.385512 -0.0528524 -0.29381 -0.478675 2.88531 -0.873991 -1.57346 -1.32673 0.585423 1.93531 
-0.431141 16 -1.43912 -2.01947 -3.52742 1.18476 -3.69798 1.67133 -1.63289 2.2664 2.4113 2.13456 4.16947 -0.377606 -3.25439 -1.86242 -0.0304834 3.32722 
-0.231206 16 0.521671 -0.744253 -1.72996 2.18762 -0.243013 -4.79279 -1.29253 -0.789512 -3.91374 -1.95262 1.27245 2.44815 4.32962 -3.51954 1.35216 -0.403249 
-2.08448 16 -3.1961 2.45152 1.1139 -0.391377 0.75174 0.0143013 2.18776 0.205592 1.9049 -2.44824 0.260401 1.53414 -0.446481 -1.23192 3.34137 -0.0959887 
2.21416 16 0.58071 -1.22663 -2.75069 4.52358 0.371803 -2.58245 -1.75774 1.62026 4.09924 1.31716 -2.15783 -2.781 -3.49128 -0.0793083 0.1377 -0.257636 
8
0.270514 16 -0.344983 -1.39272 -2.90952 1.21606 0.682886 2.77618 -1.14477 -0.56787 1.37857 -5.86401 -0.702476 0.0761885 -1.1197 0.377304 0.378061 0.602547 
-0.943323 16 -2.2793 -0.910855 -2.9856 -1.33429 -1.43509 4.29214 -0.460832 -0.132922 -3.35331 -4.05877 -0.43582 -2.67623 3.68396 2.61016 1.73651 -1.97682 
-1.12136 16 -0.0190584 -0.683652 0.617439 -0.328612 -3.72111 0.788466 -1.35536 0.150935 -1.03263 0.44267 -1.73662 4.12091 0.0534591 3.06765 -4.56514 3.38311 
-3.66412 16 3.72479 3.76693 1.17694 -1.87716 0.371868 -0.619345 0.969635 2.20542 -3.1273 4.88096 0.783073 -3.43858 -2.40738 -0.163781 -0.138429 1.60065 
2.27745 16 4.50015 -0.0792199 0.280043 -0.463813 -3.29489 -4.85852 -2.42017 0.124743 0.988316 1.5133 0.55987 1.59219 0.942673 -3.12154 -0.193112 -3.434 
-1.5341 16 1.85718 0.0573192 4.3796 0.0334986 3.44078 2.23943 0.585275 6.09487 -2.33684 -1.03832 -0.168457 -1.18426 -3.79755 1.73908 0.591497 1.91822 
-4.92315 16 0.303066 -2.81228 -3.43426 -2.80043 -1.69982 -3.59594 -0.0819263 1.17069 1.24533 3.88192 -1.90176 4.6433 -4.14553 -1.58034 -3.50326 -1.05828 
0.3685 16 -0.463819 1.42177 -3.0963 4.09763 0.189644 -0.94296 0.738659 2.22711 -0.949175 -0.761482 -0.688986 2.50415 -0.61529 -1.52045 -2.41179 -3.57544 
4
-0.989611 8 -4.40741 1.14879 -2.21371 -0.252661 -2.43061 1.89488 0.279866 -1.95047 
-2.21169 8 -3.18098 -3.67371 -0.341657 -1.1889 3.38145 0.916859 -0.0365731 -0.296666 
-2.07203 8 4.41716 -0.0735567 -2.4259 -0.214578 3.43351 0.229212 -3.19255 3.26749 
-0.912725 8 2.38686 -4.27664 -0.520122 1.31865 -0.58188 1.83077 3.66093 -1.68151 
4
-1.233 4 -1.43198 3.01538 0.180282 -3.9591 
0.198076 4 -1.74365 -2.1203 -1.73778 -5.2416 
0.100374 4 -2.09086 -2.41747 0.726538 -0.880005 
-1.97793 4 0.71115 0.48655 -2.03029 0.443932 
