4
16
-0.111963 16 0.606762 0.213155 -0.297212 0.470131 -0.959825 0.702452 -0.283359 -0.551841 -0.380838 -0.619404 0.858795 0.310853 -0.701594 -0.642393 0.19878 0.260013 
-0.127356 16 -0.0323738 -0.467918 -0.00773514 0.881036 0.0631486 -0.982905 -0.818013 0.189726 0.288153 -0.889975 0.730581 0.910509 -0.629681 0.0813793 -0.194937 -0.463472 
0.636605 16 0.592084 -0.131111 -0.318851 -0.226985 0.147867 0.0502081 -0.646101 -0.805171 0.317128 0.134785 -0.057397 0.157692 -0.955592 0.177887 -0.90851 0.468642 
-0.959614 16 -0.284522 0.387732 -0.192664 -0.584767 -0.635626 0.359797 0.364912 0.256117 -0.787382 0.382412 -0.0622254 -0.062732 -0.527068 -0.281956 -0.0952837 0.559192 
0.394691 16 0.943195 0.206125 0.196408 -0.0718089 -0.617835 -0.678588 0.38398 0.212944 -0.128068 0.872463 -0.499675 0.927301 0.213061 -0.672305 0.466964 -0.377129 
0.888756 16 -0.0118085 -0.725036 0.773824 -0.517862 -0.345165 0.480435 -0.327783 0.98309 0.58086 -0.597678 -0.580574 -0.824317 -0.579468 0.82988 0.563116 0.563658 
-0.793949 16 0.715222 -0.628941 0.441421 -0.381607 0.755558 -0.248897 -0.0306983 0.315558 -0.804565 -0.462236 -0.713944 -0.572266 0.103666 -0.702852 -0.819313 -0.484107 
0.63429 16 0.288767 0.927032 -0.81958 0.130475 0.186058 0.802724 -0.88357 0.330861 -0.0188382 -0.980449 -0.634517 -0.255754 -0.521279 -0.413991 0.535414 0.980223 
-0.833198 16 0.945476 0.970214 -0.726895 -0.476195 0.107589 -0.775385 -0.509839 0.841977 0.0914176 0.227285 0.67227 -0.562599 0.0324088 0.616387 -0.311746 -0.638721 
0.438115 16 -0.578189 0.4177 0.966084 0.325476 0.22469 0.148312 0.308699 0.636269 -0.168815 -0.346425 0.963929 -0.317863 0.362984 -0.352558 -0.180051 0.392535 
-0.629018 16 -0.108848 0.761791 -0.269262 0.840539 -0.641567 0.53366 0.270965 0.215421 -0.831674 0.6912 0.691596 -0.740471 0.00530307 0.142968 -0.884238 -0.305408 
0.378971 16 -0.241178 0.284025 0.964495 -0.721352 0.00238087 -0.731122 -0.596966 -0.565201 -0.672324 0.738507 -0.360327 -0.185457 -0.314424 -0.424192 -0.921874 -0.321591 
-0.17398 16 -0.938852 -0.106013 0.137197 -0.534146 0.153956 -0.351588 0.536614 0.889232 0.973835 0.265705 0.0437437 0.30847 -0.962988 0.584461 -0.816183 0.734784 
-0.288643 16 -0.877552 0.703365 -0.787802 -0.22848 0.0878024 -0.310467 -0.0693217 -0.962319 0.569425 -0.127459 0.851246 0.759236 -0.340411 -0.443028 -0.68049 0.104242 
-0.378691 16 0.339324 -0.349944 -0.473239 -0.516624 0.160945 0.324944 -0.806293 -0.480087 -0.152092 -0.286129 -0.0985506 -0.861248 0.360536 0.846724 0.250503 -0.366173 
0.540236 16 -0.816012 -0.593942 0.300392 0.521721 0.123254 0.994473 -0.681939 0.428914 -0.995516 0.133335 -0.712962 -0.389283 0.209927 0.834695 0.395752 0.232295 
16
-0.793004 16 0.00686167 0.372399 -0.189143 0.75016 -0.628351 0.962355 -0.921639 0.811098 0.730523 0.797441 -0.014134 0.194138 0.463756 0.876664 0.970075 0.818662 
0.218557 16 0.701782 -0.285279 -0.00799748 0.570224 0.660291 0.706103 0.543218 -0.56071 -0.48661 -0.2102 0.78304 -0.257508 0.389565 -0.893868 -0.687078 0.906931 
-0.629401 16 0.201094 -0.317829 0.245476 0.935647 -0.230002 0.299171 0.795975 0.854659 0.310792 -0.444651 -0.15114 -0.0867601 -0.0654961 0.0641495 0.534809 0.224404 
-0.749655 16 -0.354167 0.141513 0.74321 -0.672595 0.170601 -0.588943 0.162924 -0.258251 0.182425 0.763082 -0.428024 -0.581552 -0.595857 0.455161 0.54686 0.695548 
-0.364719 16 -0.628859 -0.863509 0.503366 -0.567689 -0.4241 0.941761 0.656683 0.590175 0.779917 -0.0383929 -0.0774695 0.845392 -0.746369 0.177181 -0.122844 -0.262245 
0.678058 16 0.191802 -0.887455 -0.587174 0.814076 0.79746 0.277405 0.322184 -0.0741585 0.598638 -0.929751 -0.302834 0.435427 0.822443 -0.330955 0.643556 0.970917 
0.58895 16 -0.935089 -0.842802 -0.323372 -0.765053 -0.835034 -0.185796 0.647773 -0.142616 0.854707 0.537472 0.402895 -0.300645 0.0715789 -0.42938 0.819039 -0.708717 
-0.16102 16 0.646869 -0.753476 -0.0971745 -0.338268 -0.871043 0.192795 -0.381221 0.816312 0.440874 -0.760781 0.450131 -0.977996 0.0764674 -0.907603 0.500792 -0.426499 
0.655209 16 -0.396947 0.601264 -0.740979 -0.543961 0.129153 0.398445 -0.300539 0.542223 -0.352608 0.272459 -0.375571 0.429974 -0.151157 0.144103 0.147782 0.752944 
-0.854084 16 0.0831249 -0.325682 -0.0899658 -0.372957 0.328344 0.510815 -0.175578 -0.494447 0.506365 0.426692 0.630128 0.626624 -0.667454 0.712316 -0.271331 -0.433308 
0.0760133 16 0.923234 -0.702775 0.995359 -0.884595 -0.519686 -0.266914 -0.23453 -0.990645 0.907902 0.215001 -0.765953 0.514751 0.756744 0.768871 0.649111 -0.73006 
0.966456 16 0.271792 0.603456 -0.109407 0.640669 0.142708 -0.955512 0.331532 0.780418 0.75131 0.830749 0.785917 0.706609 -0.880097 0.341437 0.180934 -0.525985 
0.324291 16 0.729838 0.153256 -0.0714066 0.0789066 -0.180046 -0.648096 0.695346 0.351021 0.370641 -0.702288 0.0410964 0.853992 -0.361308 0.0825568 0.733474 0.80419 
0.378616 16 0.214497 0.605335 -0.33028 -0.591366 0.505977 0.449797 0.65708 -0.305844 0.529505 0.819628 0.442948 0.066367 0.13544 -0.0235956 -0.313216 -0.0832663 
0.234975 16 0.769077 0.273204 0.252269 0.796284 0.703159 -0.884339 -0.294172 -0.286356 0.00602757 -0.290167 0.348006 0.694246 0.240063 0.309282 -0.76081 0.0554083 
-0.256213 16 0.502419 -0.300957 -0.917626 0.144323 0.407525 0.944574 -0.512188 -0.222546 0.58714 -0.108272 0.674962 0.604017 -0.0989339 -0.416943 0.431661 -0.0225304 
14
-0.497942 16 0.0863167 -0.583041 0.45043 0.472757 0.391509 -0.513723 0.70739 -0.314079 -0.947545 0.799094 0.947092 -0.381545 -0.782685 -0.831243 -0.514068 0.00879168 
-0.306542 16 0.217123 0.246941 0.353479 -0.292449 -0.18297 0.130775 -0.00700808 0.689199 -0.702378 -0.789097 0.561747 0.0624229 0.952499 -0.83203 -0.641366 0.594254 
-0.0346651 16 -0.252656 0.943351 0.739618 -0.195566 -0.370732 0.370127 0.636504 0.917296 -0.80465 -0.663001 0.0234042 -0.554845 0.768996 -0.305194 -0.269676 -0.240429 
0.179864 16 -0.0248737 -0.333811 0.84997 -0.533679 -0.233099 -0.327194 -0.156455 -0.985148 -0.541365 0.901121 -0.99194 -0.24327 -0.37753 -0.958463 0.772047 -0.257775 
0.918376 16 0.980569 0.835419 -0.0880707 0.277278 0.395077 0.173444 0.846322 -0.400444 0.0356004 0.118516 -0.733564 0.166341 -0.261679 0.824511 -0.925473 0.822157 
-0.585387 16 -0.493823 0.370846 -0.131519 0.257198 0.435432 0.829995 0.239675 -0.711472 0.215221 -0.40655 0.829947 -0.236372 0.0217866 -0.579964 -0.935949 -0.175129 
0.330703 16 -0.323859 0.909604 0.645309 0.596978 -0.221074 0.485133 -0.0123484 0.259957 0.228943 -0.121098 -0.281897 -0.415428 0.431057 -0.0880449 0.921865 -0.566433 
0.554337 16 0.16791 0.791625 0.505219 0.93159 0.85082 -0.204166 -0.125092 0.812973 -0.722321 -0.393434 -0.184729 0.901816 -0.691119 0.904579 0.593735 -0.548507 
0.474904 16 -0.818006 -0.512303 0.285812 0.0960749 0.661314 0.95527 0.202255 -0.0743728 0.405626 0.644821 0.910568 0.835362 0.148102 -0.0700327 -0.448108 -0.657581 
-0.682778 16 0.396814 -0.948778 0.207794 0.215039 0.737747 0.956614 0.40727 -0.127582 0.972814 0.607683 0.802603 -0.771778 -0.808556 0.743925 0.197516 -0.0780534 
-0.123788 16 0.749216 -0.197084 -0.949169 -0.433343 0.690058 0.703102 -0.677756 -0.582767 -0.0840565 0.221894 -0.977567 0.392695 0.538583 -0.966728 0.707176 0.644196 
-0.280881 16 -0.245111 0.33202 0.0459739 0.857729 -0.333853 -0.601813 -0.656619 -0.859236 0.911906 0.924533 0.679035 0.958414 -0.612205 0.808923 0.105317 0.924752 
-0.874195 16 0.719909 -0.231097 -0.474826 -0.536214 -0.448765 0.682521 -0.587794 -0.663284 0.924586 -0.699656 -0.911353 0.757086 -0.104567 -0.332503 -0.880975 -0.27284 
-0.952532 16 -0.784578 0.820819 0.305676 -0.581635 -0.915532 0.843308 0.160303 0.504428 0.479509 -0.874202 -0.270744 -0.971461 0.173307 0.974393 -0.423351 -0.473237 
4
0.418382 14 -0.914235 -0.419722 -0.0466671 -0.374014 -0.446313 0.722905 -0.447823 0.733858 -0.56362 0.246877 -0.404553 0.681264 -0.373738 -0.357711 
0.867885 14 -0.809565 -0.282255 -0.723001 -0.799894 -0.458886 0.54877 0.685575 0.371349 -0.326717 0.732982 -0.337677 0.711807 0.650165 -0.212247 
-0.903461 14 -0.137218 0.531561 -0.32279 0.365281 0.817779 0.294266 -0.244273 0.78465 0.152331 -0.264965 0.0430198 0.264083 0.71119 0.666795 
-0.386422 14 -0.805972 0.0122331 0.720292 0.217682 -0.068608 -0.155424 0.723254 0.46982 -0.660297 0.591522 0.377606 -0.982489 -0.426928 -0.791272 
