4
16
0.72897 16 0.880809 -0.17458 -0.899394 0.936168 0.0184427 0.818969 -0.18121 -0.490465 -0.606556 0.643372 0.242914 0.056539 0.846236 -0.498226 0.717372 0.951172 
0.953672 16 -0.701322 0.574124 0.0336715 -0.368673 -0.164881 -0.916942 0.277023 -0.0793546 0.776798 0.605952 -0.00492516 -0.427736 -0.479445 -0.384311 0.904501 0.0411016 
-0.442822 16 0.869559 0.283695 -0.0728324 0.873629 -0.443893 -0.573018 0.374363 0.887468 -0.701716 0.534597 -0.314502 -0.75593 0.932615 -0.941292 -0.261878 -0.176677 
-0.427977 16 -0.859724 0.909707 0.256012 -0.193788 -0.0172741 -0.33685 -0.851838 0.962352 -0.704235 -0.895652 0.140621 0.5425 0.856879 0.754268 -0.030918 0.952025 
0.233052 16 0.590446 0.183535 0.813109 -0.0469052 -0.923723 -0.488601 -0.54938 0.211117 0.19168 0.399503 0.109765 -0.403063 -0.369307 0.536848 0.210883 -0.980563 
0.503858 16 -0.979528 0.998902 -0.297932 -0.771054 0.731152 -0.0481152 0.346542 -0.436132 -0.176311 0.307887 0.179522 0.0117352 0.55064 -0.538616 0.139586 -0.030403 
0.850989 16 0.765126 0.539612 -0.6113 0.533161 0.081362 0.00688497 -0.940836 -0.144226 0.423739 0.616267 -0.47817 0.762666 0.933181 0.335644 -0.425494 0.913586 
-0.898961 16 -0.314421 0.147293 -0.333546 -0.291119 -0.554007 -0.945374 0.0611429 0.454835 0.289767 0.879468 0.717565 0.339627 -0.864907 0.664669 0.995284 0.712702 
-0.795961 16 -0.650117 0.824492 -0.655077 0.501779 -0.125135 0.68617 -0.723641 0.531987 -0.301406 0.896944 0.402667 -0.908943 -0.215517 0.976269 0.435668 0.746748 
-0.732951 16 0.15733 0.626238 -0.388753 0.975146 0.0239187 -0.742625 0.576306 0.852657 -0.488907 0.710248 0.393767 -0.636012 0.462025 0.534817 0.542425 -0.559936 
0.144696 16 0.428265 -0.0749756 0.8531 0.531947 0.986229 -0.373998 0.169027 -0.842908 -0.253248 -0.325384 -0.202094 0.624697 -0.759519 0.77637 0.56858 -0.624363 
-0.257605 16 0.598638 -0.214121 0.94172 0.759875 -0.100832 -0.248478 -0.438111 -0.479432 -0.434786 -0.654552 0.0321408 -0.230866 0.783956 0.78653 0.211385 -0.110489 
0.219773 16 0.488843 0.220832 -0.214307 -0.151 0.517377 -0.817697 -0.150256 -0.0238915 0.228309 -0.366954 -0.0155763 -0.458278 0.245121 -0.802943 0.886291 -0.628682 
0.999585 16 -0.54727 -0.690754 0.52351 0.0033261 0.817062 0.871506 0.219677 -0.248022 0.99225 0.373658 0.835843 -0.236918 0.392605 0.073838 -0.0326233 -0.728148 
0.268579 16 0.990014 0.442496 0.801047 -0.779188 -0.3457 -0.858611 -0.571118 0.524398 0.962888 -0.57621 0.0133799 -0.665795 0.818116 -0.504061 0.360674 0.055512 
0.851741 16 0.045737 -0.758347 0.933096 -0.862131 0.408208 0.740868 0.62455 -0.135799 0.861499 0.812395 -0.839535 0.979965 0.900238 -0.661098 0.149784 0.79767 
16
-0.0797959 16 0.62029 0.270699 0.260601 -0.425045 -0.50396 -0.949313 -0.347674 -0.14949 0.153275 0.798779 0.189529 0.933187 0.304996 0.303288 0.975886 -0.0463416 
-0.237547 16 -0.81892 -0.690712 -0.908806 -0.759788 -0.628401 -0.738452 -0.904107 -0.493572 0.79203 0.22342 0.0638959 -0.131035 -0.27869 0.253599 0.00648013 0.90854 
-0.937167 16 -0.822738 0.47883 0.275251 0.1698 -0.00307906 -0.973555 -0.272653 0.555079 -0.0671529 -0.00363283 -0.0240613 0.413795 -0.461954 -0.447876 -0.827139 0.7096 
-0.656852 16 0.823688 -0.833697 -0.0902069 0.617489 -0.0646552 0.972642 -0.615177 0.807997 -0.0624726 0.814185 0.58628 -0.699992 -0.962585 -0.963059 0.775007 0.872262 
0.071152 16 -0.175139 0.846187 -0.0539277 0.846412 0.186079 -0.184235 0.741272 0.89147 0.478007 -0.359877 -0.126747 -0.752859 -0.873483 0.972946 -0.939981 0.561413 
-0.548633 16 0.176326 -0.923365 0.0599266 -0.612337 -0.493388 -0.537468 -0.303868 0.287642 0.538232 0.0221772 0.954741 -0.422128 -0.680553 -0.332744 0.253518 0.505371 
-0.743832 16 0.0961991 -0.424171 0.948136 0.00821447 -0.868518 0.703486 0.478127 -0.055814 -0.648822 0.227285 -0.797841 -0.553249 -0.931506 -0.432752 0.666032 -0.980468 
0.996167 16 -0.767808 0.378898 0.96519 -0.0343288 -0.0876211 -0.165317 0.423752 0.354379 -0.269188 -0.773007 -0.439779 -0.981705 -0.665769 -0.465324 -0.498177 0.29762 
-0.9354 16 0.0164301 -0.584727 0.524107 0.908184 -0.456966 -0.850429 -0.0926898 0.0161856 -0.894176 0.62388 0.565659 0.696518 0.425391 -0.509666 0.904925 0.523189 
-0.614781 16 0.470694 0.14522 0.186801 0.209943 0.631992 0.0355734 -0.787766 -0.853618 0.79665 0.889775 -0.447283 0.760507 0.881814 0.891879 -0.345032 -0.386159 
0.558876 16 -0.0453108 0.163618 0.212961 -0.0954006 0.0879181 0.0986974 0.0791532 0.999809 -0.372132 -0.948586 -0.230814 0.322315 0.702024 0.862996 -0.631945 -0.503003 
0.924127 16 0.698802 -0.382619 0.93693 -0.129876 0.895909 -0.866007 -0.987232 -0.278606 0.878839 -0.526587 0.462721 0.94641 -0.645327 -0.651804 -0.291534 -0.853825 
-0.303979 16 -0.575479 -0.633338 -0.14218 0.777974 -0.97936 0.810692 0.15949 0.230918 -0.783631 0.027299 0.304275 -0.706458 0.610514 -0.553899 0.152613 -0.0373569 
-0.22575 16 -0.464883 -0.46714 -0.0395892 -0.761563 -0.0689509 0.876655 0.960545 -0.457419 0.0634254 -0.0558879 0.808854 0.734215 -0.604708 -0.703498 -0.983441 0.00726189 
0.782159 16 0.692757 -0.406739 -0.644051 0.222511 -0.449021 0.25252 0.65101 -0.290218 0.0986107 0.452027 -0.163773 -0.593524 -0.0873056 0.246855 -0.483988 0.271212 
-0.151069 16 0.890458 -0.4697 0.866043 -0.941279 -0.285919 0.0417738 -0.963958 0.795908 0.519872 0.625345 -0.103983 -0.60003 -0.96563 0.418077 -0.267369 -0.763709 
14
-0.233223 16 0.871016 -0.0845272 -0.981563 0.244674 0.480242 -0.123099 0.888614 -0.37502 0.717136 0.878718 0.337618 0.051222 -0.0760197 0.964926 0.947367 0.771983 
0.807215 16 0.00521443 0.355962 0.613326 0.453209 0.712983 0.114564 0.236837 0.99798 0.147997 -0.401939 0.694145 -0.977474 -0.670639 0.146845 -0.470486 -0.172421 
0.629384 16 0.642006 0.743227 0.00023856 0.0928557 -0.133227 -0.499159 -0.853368 -0.350277 -0.317634 -0.902215 -0.341429 0.651537 0.378037 0.61982 -0.0933024 0.430042 
0.607146 16 0.508909 -0.29561 -0.617391 0.749073 0.401231 -0.496218 -0.16724 -0.701746 -0.291201 -0.658858 -0.0742717 -0.115682 0.932751 -0.231457 -0.810703 -0.550962 
-0.635192 16 0.290345 0.989299 -0.700255 -0.639442 -0.145944 0.0497279 -0.240183 -0.324771 -0.970789 -0.364744 0.658715 0.114962 -0.559268 0.28826 -0.532567 0.816695 
-0.0097896 16 -0.237038 0.658425 -0.425028 0.851901 0.175744 -0.466521 -0.647638 0.646688 0.861075 0.621897 0.430303 -0.180438 0.385071 0.324745 -0.770292 -0.842817 
-0.000301753 16 0.757804 -0.147852 0.551812 -0.64184 -0.623671 0.811243 -0.232547 -0.5578 0.28518 0.0547135 0.707814 -0.073435 0.907398 0.328552 0.122749 0.952154 
-0.0478195 16 0.0567953 0.955426 0.343039 0.637409 0.113093 0.247345 -0.869267 0.648133 0.771764 -0.00726426 -0.300534 -0.934204 -0.937617 0.176721 0.548908 0.858242 
0.142711 16 0.57535 -0.472812 -0.571999 -0.914764 -0.350444 0.21741 0.475666 0.724767 0.995376 0.993989 0.958919 0.948549 -0.506305 -0.505802 0.716756 0.248358 
-0.807278 16 0.151582 0.175679 0.442122 0.465607 -0.131051 0.328678 0.991474 -0.170067 0.490828 0.351618 0.482306 0.203723 -0.839014 -0.566804 0.296273 0.345261 
-0.556518 16 -0.119187 0.591287 0.712066 0.25282 -0.541275 -0.401644 -0.508891 -0.0998882 0.0275915 0.234819 0.508402 -0.273294 0.672162 0.416973 -0.811406 -0.402263 
0.793715 16 -0.445728 -0.0812603 -0.029891 0.341646 -0.101303 0.354023 -0.61817 0.514758 0.479237 0.723939 0.855034 -0.622316 -0.453259 -0.736465 -0.996983 0.966546 
0.406411 16 0.895001 0.0314768 -0.700887 -0.204217 0.880556 -0.670002 -0.252394 0.0536188 -0.100081 -0.457915 -0.446152 0.331234 -0.748533 0.030247 -0.655102 -0.9821 
-0.766712 16 -0.113148 -0.835451 0.019282 0.742247 -0.306901 -0.490543 0.812482 -0.868596 -0.339143 0.229713 0.399178 0.209693 0.906014 0.120782 0.300612 -0.729043 
4
0.896734 14 -0.081398 -0.676261 -0.096451 0.527122 -0.531988 -0.399724 0.866911 0.388412 0.382401 0.557104 -0.680195 -0.354357 0.894691 -0.0639076 
0.383077 14 -0.263939 0.702912 0.0476875 -0.815177 0.182736 0.65745 -0.918658 -0.96563 0.384571 0.897686 0.490169 0.0116675 0.884807 -0.0274701 
0.0178426 14 -0.909374 -0.972211 0.707111 -0.176891 0.0231508 -0.933198 -0.827023 0.241745 -0.338204 -0.467996 -0.658672 -0.328858 -0.831171 0.536119 
-0.956052 14 -0.184048 -0.884355 0.39763 -0.941246 0.979386 -0.438138 0.0131169 -0.259329 0.762704 -0.36138 0.011618 -0.318102 0.00325061 -0.940351 
