4
4
-0.848833 16 -0.204026 -0.768825 -0.075804 0.371997 0.756673 0.832525 -0.615782 0.719589 -0.981143 -0.839356 0.704346 0.456489 0.772867 0.785452 -0.701254 -0.65801 
0.288759 16 0.662983 -0.769314 -0.266357 0.403258 -0.563642 -0.0104108 -0.749247 -0.486924 -0.91373 0.283913 -0.890443 0.228186 0.849772 -0.684985 -0.353463 -0.762161 
0.514354 16 0.750211 0.820168 0.195224 -0.920925 -0.631818 0.00775953 -0.984885 -0.205055 -0.0932476 0.589342 -0.788141 0.685451 0.877889 -0.80523 -0.394235 0.121593 
-0.402649 16 -0.243921 0.415611 0.266249 0.431425 0.851686 0.949208 0.498749 0.0284546 0.677309 -0.728419 0.556505 -0.757198 -0.78516 -0.197532 0.70755 0.0205387 
4
0.925431 4 0.105729 0.558975 0.754936 0.293361 
-0.53273 4 -0.746533 0.288997 0.302264 0.275157 
0.68939 4 0.808506 -0.290006 0.1239 -0.286336 
-0.300996 4 -0.783761 0.740497 -0.247226 0.428589 
4
0.670695 4 0.470623 0.387311 0.839036 -0.954353 
-0.606597 4 0.387404 -0.0305658 -0.543846 -0.393816 
-0.654034 4 -0.707243 0.256984 -0.805613 0.405953 
0.757135 4 -0.109456 -0.705956 -0.471372 0.211048 
4
0.330962 4 0.46428 -0.17639 -0.222966 0.880974 
0.533312 4 0.416408 0.121336 0.696097 -0.217716 
-0.809276 4 0.652074 0.768614 -0.254678 -0.374233 
0.177339 4 0.584208 -0.13277 -0.691436 0.681963 
