4
4
0.555591 16 -0.659599 0.339292 -0.232674 -0.15837 -0.815165 0.25997 -0.486699 0.668158 -0.174693 -0.638776 0.693525 0.760657 0.950266 0.940842 0.550547 -0.606979 
-0.743739 16 0.217664 0.608117 0.170931 0.643513 -0.852647 0.444195 -0.754993 0.0594623 0.592646 0.476399 -0.0177864 0.238347 0.107883 -0.197983 -0.933868 -0.267262 
-0.993547 16 -0.24854 0.0579554 0.96787 -0.537061 -0.941036 0.0663381 0.514884 0.853936 0.582883 -0.293093 0.788642 0.191164 -0.132118 -0.844771 0.22618 -0.960109 
0.334682 16 -0.683238 0.827145 0.987048 0.936857 0.0708892 0.614427 0.887212 0.9414 0.469693 -0.582432 0.119395 -0.958903 -0.533877 -0.844842 0.589204 -0.179428 
4
-0.820328 4 0.923337 -0.862629 0.660726 -0.6309 
-0.427469 4 -0.306539 0.461225 -0.491386 0.556304 
0.184605 4 0.413137 0.551478 0.631038 0.879838 
0.86405 4 -0.283636 -0.222632 0.968483 0.411358 
4
0.243755 4 0.296533 0.527117 -0.788108 -0.86232 
0.00793013 4 0.153062 0.763148 -0.420311 -0.991219 
-0.212875 4 0.999483 0.599676 -0.159633 -0.873077 
-0.238066 4 0.0183556 0.814787 0.73324 -0.674216 
4
-0.562156 4 -0.200364 -0.685119 -0.00684428 -0.367734 
-0.436382 4 -0.526998 -0.512471 -0.372482 -0.0672096 
-0.477217 4 0.710708 0.935334 0.700188 0.175707 
0.0737666 4 -0.0587865 0.523495 0.866265 -0.484384 
